[DASH_CAM]
POS=0.347906,0.985026,-0.14202
EXP=23
