[DASH_CAM]
POS=0.369656,1.1144,-0.0122537
EXP=31
