[COLLIDER_0]
CENTRE=0.000, -0.320, 1.18575
SIZE=1.200, 0.100, 0.500
GROUND_ENABLE=1

[COLLIDER_1]
CENTRE=0.000, -0.320, -1.36425
SIZE=1.200, 0.100, 0.500
GROUND_ENABLE=1