[COLLIDER_0]
CENTRE=0.000, -0.270, 1.43136
SIZE=1.000, 0.100, 0.300
GROUND_ENABLE=1

[COLLIDER_1]
CENTRE=0.000, -0.270, -0.84064
SIZE=1.000, 0.100, 0.300
GROUND_ENABLE=1