[COLLIDER_0]
CENTRE=0.000, -0.260, 1.09725
SIZE=1.200, 0.100, 0.500
GROUND_ENABLE=1

[COLLIDER_1]
CENTRE=0.000, -0.260, -1.21275
SIZE=1.200, 0.100, 0.500
GROUND_ENABLE=1