[COLLIDER_0]
CENTRE=0.000, -0.300, 1.48050
SIZE=1.000, 0.100, 0.300
GROUND_ENABLE=1

[COLLIDER_1]
CENTRE=0.000, -0.290, -0.86950
SIZE=1.000, 0.100, 0.300
GROUND_ENABLE=1