[DASH_CAM]
POS=0.328804,1.03596,0.347756
EXP=29
