[COLLIDER_0]
CENTRE=0.000, -0.240, 1.488815
SIZE=1.000, 0.100, 0.300
GROUND_ENABLE=1

[COLLIDER_1]
CENTRE=0.000, -0.240, -0.784185
SIZE=1.000, 0.100, 0.300
GROUND_ENABLE=1