[DASH_CAM]
POS=0.288756,1.02083,-0.0613393
EXP=31
