[DASH_CAM]
POS=0.25115,0.857367,0.0278459
EXP=27
