[DASH_CAM]
POS=0.34626,0.84113,0.56349
EXP=32

