[COLLIDER_0]
CENTRE=0.000, -0.300, 1.27296
SIZE=1.200, 0.100, 0.300
GROUND_ENABLE=1

[COLLIDER_1]
CENTRE=0.000, -0.290, -1.22304
SIZE=1.200, 0.100, 0.300
GROUND_ENABLE=1