[DASH_CAM]
POS=0.349558,0.99582,-0.258686
EXP=29
