
[COLLIDER_0]
CENTRE=0.000, -0.240, 1.200375
SIZE=1.200, 0.100, 0.500
GROUND_ENABLE=1

[COLLIDER_1]
CENTRE=0.000, -0.240, -1.224625
SIZE=1.200, 0.100, 0.500
GROUND_ENABLE=1