[DASH_CAM]
POS=0.360153,1.15499,0.0251696
EXP=31
