[COLLIDER_0]
CENTRE=0.000, -0.270, 1.38592
SIZE=1.000, 0.100, 0.300
GROUND_ENABLE=1

[COLLIDER_1]
CENTRE=0.000, -0.270, -0.88608
SIZE=1.000, 0.100, 0.300
GROUND_ENABLE=1

[COLLIDER_2]
CENTRE=0.000, -0.260, -1.44544
SIZE=1.000, 0.100, 0.500
GROUND_ENABLE=1