[DASH_CAM]
POS=0.336767,1.00254,-0.0264481
EXP=27
