[SETTINGS]
WIDTH=1.04129683971405
LENGTH=2.26990461349487

