[COLLIDER_0]
CENTRE=0.000, -0.290, 1.17600
SIZE=1.300, 0.100, 0.500
GROUND_ENABLE=1

[COLLIDER_1]
CENTRE=0.000, -0.290, -1.22400
SIZE=1.300, 0.100, 0.500
GROUND_ENABLE=1