[DASH_CAM]
POS=-0.37169,0.879134,-0.296747
EXP=35
