[COLLIDER_0]
CENTRE=0.000, -0.330, 1.13529
SIZE=1.200, 0.100, 0.300
GROUND_ENABLE=1

[COLLIDER_1]
CENTRE=0.000, -0.320, -1.52971
SIZE=1.200, 0.100, 0.300
GROUND_ENABLE=1