[DASH_CAM]
POS=-0.377668,1.05726,0.157071
EXP=23
