[COLLIDER_0]
CENTRE=0.000, -0.280, 1.19805
SIZE=1.200, 0.100, 0.500
GROUND_ENABLE=1

[COLLIDER_1]
CENTRE=0.000, -0.280, -1.24695
SIZE=1.200, 0.100, 0.500
GROUND_ENABLE=1