[SETTINGS]
WIDTH=1.35117161273956
LENGTH=3.68541145324707

