[COLLIDER_0]
CENTRE=0.000, -0.270, 1.51725
SIZE=1.200, 0.100, 0.500
GROUND_ENABLE=1

[COLLIDER_1]
CENTRE=0.000, -0.260, -1.03275
SIZE=1.200, 0.100, 0.500
GROUND_ENABLE=1