[DASH_CAM]
EXP=27
POS=-0.346679,0.864191,0.0715912
