[COLLIDER_0]
CENTRE=0.000, -0.320, 1.32480
SIZE=1.200, 0.100, 0.300
GROUND_ENABLE=1

[COLLIDER_1]
CENTRE=0.000, -0.290, -1.43520
SIZE=1.200, 0.100, 0.300
GROUND_ENABLE=1