[DASH_CAM]
POS=0.361312,1.11803,0.10013
EXP=26
