[SETTINGS]
WIDTH=1.1917724609375
LENGTH=2.86526775360107

