[COLLIDER_0]
CENTRE=0.000, -0.260, 1.61700
SIZE=1.200, 0.100, 0.500
GROUND_ENABLE=1

[COLLIDER_1]
CENTRE=0.000, -0.250, -1.07800
SIZE=1.300, 0.100, 0.500
GROUND_ENABLE=1