[COLLIDER_0]
CENTRE=0.000, -0.290, 1.16253
SIZE=1.100, 0.100, 0.300
GROUND_ENABLE=1

[COLLIDER_1]
CENTRE=0.000, -0.290, -1.39248
SIZE=1.100, 0.100, 0.300
GROUND_ENABLE=1