[COLLIDER_0]
CENTRE=0.000, -0.290, 1.12420
SIZE=1.100, 0.100, 0.300
GROUND_ENABLE=1

[COLLIDER_1]
CENTRE=0.000, -0.290, -1.43080
SIZE=1.100, 0.100, 0.300
GROUND_ENABLE=1