[DASH_CAM]
POS=0.313127,1.06935,0.101202
EXP=34
