[COLLIDER_0]
CENTRE=0.000, -0.340, 1.23760
SIZE=1.200, 0.100, 0.300
GROUND_ENABLE=1

[COLLIDER_1]
CENTRE=0.000, -0.310, -1.48240
SIZE=1.200, 0.100, 0.300
GROUND_ENABLE=1