[DASH_CAM]
POS=0.367527,1.10664,-0.168737
EXP=27
