[COLLIDER_0]
CENTRE=0.000, -0.270, 1.45408
SIZE=1.000, 0.100, 0.300
GROUND_ENABLE=1

[COLLIDER_1]
CENTRE=0.000, -0.270, -0.81792
SIZE=1.000, 0.100, 0.300
GROUND_ENABLE=1