[DASH_CAM]
POS=0.377108,1.0929,-0.208947
EXP=19
