[DASH_CAM]
POS=0.313193,1.08342,0.0546393
EXP=28
