[DASH_CAM]
POS=0.374474,0.9675,-0.248786
EXP=27
