[COLLIDER_0]
CENTRE=0.000, -0.330, 1.101375
SIZE=1.100, 0.100, 0.500
GROUND_ENABLE=1

[COLLIDER_1]
CENTRE=0.000, -0.330, -1.373625
SIZE=1.100, 0.100, 0.500
GROUND_ENABLE=1