[COLLIDER_0]
CENTRE=0.000, -0.280, 1.50450
SIZE=1.200, 0.100, 0.500
GROUND_ENABLE=1

[COLLIDER_1]
CENTRE=0.000, -0.280, -1.04550
SIZE=1.200, 0.100, 0.500
GROUND_ENABLE=1